-1067
-4497
-6932
-3563
-2109
-2786
-7132
-6338
-2003
-9418
-3689
-4751
725
-177
-6136
-3689
-1883
-8352
-7099
-4111
-4927
-8658
655
-3198
-1622
909
-5292
-7125
-4110
-4283
-716
516
-4999
-2439
-8442
-3059
-9793
-4730
-5767
-3888
-9883
-8534
-5500
-5833
-1749
-3350
-9700
80
-5572
-3407
-8037
-682
-6617
-5317
-6905
-5211
-8336
-8999
-903
-6039
-5420
-7726
-3922
-7203
-6185
-1476
-3057
-1853
-1134
-8894
-961
-3276
-9441
-4431
407
-996
-5728
-5283
392
-2473
-7860
-2453
-927
-505
-9915
248
729
-4831
-2334
361
-4242
-5078
-1338
-3505
-6604
-8523
-394
-5916
-9116
-3160
-6177
-8305
-6252
-4894
-4022
-6531
-3755
-1194
-6701
-963
-3119
-7691
-6078
86
-8129
-8248
756
-7175
-5935
-9296
-7152
-4880
-6428
-8571
-1786
-7117
-3089
-842
644
-8590
-6893
-9500
-4342
-1796
-441
-2973
-3846
-3409
-7853
-8700
-8347
-2994
-3707
-2705
-8078
-9329
-6053
-363
-3105
-7471
-1210
-4077
-7980
191
-2245
-8381
-4561
-4354
-7544
308
-5243
-8812
-3661
-638
-1368
-8963
-8764
-5181
-2550
-7568
-1496
-4319
-6596
-6959
-2739
-2694
-7270
-9768
-9366
43
217
-6091
-920
-7454
-5051
-2396
-5922
-1541
316
-7656
-7237
-6176
-2458
-6472
-2014
-2781
-1129
-5668
-5138
-3634
-3938
-5895
-4826
-5612
-5246
-8374
-5324
-4922
-1421
-8556
-1491
-7194
-6616
-1106
-7591
-5139
-6185
-4389
-6628
-1413
-2991
-7107
-2044
-6014
-7605
-191
-630
-4178
-2496
-915
-603
-7484
-7803
-281
-8245
-6088
-6436
-9265
-7906
-5216
-5895
-4883
-1015
-8298
-3865
-3283
-4462
-6442
-24
-8311
-1292
-1305
-8611
-3119
-6531
-5863
-556
-8365
-9688
-5537
-8737
-8325
161
54
-1832
-6690
-3761
-1040
-4142
-239
-4967
-168
-6480
-7231
-5430
-5912
-212
-90
-4647
-2168
-626
-5249
-4006
-2354
-4515
-9334
-7597
-8263
-5224
-3529
-5774
-5381
-379
-6298
-263
-5597
-7140
-9525
-3072
-8629
-852
-1121
166
52
-7572
-5182
-3527
-2329
-5713
-9325
-5822
-5271
-312
-6413
-4183
-4934
-2110
-4773
-9620
-7180
-6028
-2825
-4784
-9426
-6412
-9253
-7604
-6309
-6495
-798
-6680
-171
-8567
38
-7474
-9709
-221
-9091
807
-2629
-3595
-3775
-6698
-6319
-4549
-501
-9448
-8130
-7300
-1178
-110
-3662
-8407
-906
-6312
-1710
-6817
-8082
-5178
-5372
-6667
-3260
-2740
-7425
-6944
-6366
273
-4497
-1685
-1623
-6932
-5501
-1561
-1066
-6883
-6185
283
-9486
-3738
-1509
-1273
-5866
-9486
394
-4725
-4251
-5191
-1221
-6217
-3708
-8549
-7175
-5024
-252
-1157
-6178
-8903
-1301
-3114
196
229
-8394
-8688
-6166
295
-7806
-697
99
605
-5685
-8406
-5140
-5433
-7756
-6986
-2571
-4842
-1916
-7837
-2317
-8462
-8313
-971
-5698
-3260
-6384
-8318
-7250
-2512
-4720
-7607
-6790
-274
-3593
-4877
-924
-3061
-5177
62
-3947
-1229
-4408
-2653
-5329
-5236
-1094
-1136
-4905
-8883
-6660
-2827
-3613
655
-561
-586
-6788
-173
-6802
884
-5567
-8452
-3324
-8215
-8017
-2220
-2836
-9103
-6359
-7663
728
-5208
-7505
-7828
-9570
-2852
-1803
-3892
-630
-1344
-6091
-9205
339
-7751
-8528
-7383
-2574
-2850
-3243
-7297
-8107
-9671
-6
-4387
-1562
-8916
153
-3723
-8557
-7280
-906
-2214
-2297
909
331
-9303
-867
-1470
-3391
-7218
-5658
-8214
-8545
-2720
-9838
-6208
-5386
-6485
-4157
-5798
-7677
-8255
-465
-4486
-3256
-6457
-5254
-6084
-1272
-6565
-7347
518
-9863
-3249
-1841
-9922
-2645
-7550
-5721
-540
-8254
-4364
-8850
-7511
-8328
-9602
-893
-1026
-7235
-9641
-1096
-7695
-6728
-5429
-7193
-17
-3643
-1310
-8082
-5490
-1158
-3843
-7240
-2189
-6525
-5307
-8639
-7973
-6810
-8746
-2699
-6737
-2450
-5363
-61
579
-6627
-826
-1090
-3027
-9221
-9127
-6646
-1211
-2943
118
-329
-7463
902
-5758
-6526
-8054
-6788
-4458
-7143
-4738
-8275
-9359
-4008
573
-9727
-5399
-4502
-8231
-9302
-3387
-2557
-4846
-9071
59
-2641
-1702
-7609
-4477
-5653
-1060
-1701
-4815
-2274
-5766
-6453
-6668
-4777
-2376
-3207
-4164
-9335
-5156
-3071
-1875
-5911
-6156
-3102
-2182
-5076
-8266
414
-2767
-9594
-8504
-5396
-2873
-7343
-8497
-5213
-4333
-2412
-593
-6508
-170
-379
-6747
-3651
-9807
-388
-3018
-4023
-7588
-4590
695
-5841
-3396
-1092
-2551
-3625
-1841
-5522
546
-5696
-952
-6779
-1137
-8875
-6275
398
-4564
-5174
506
-8869
-7934
35
-9537
-240
-5309
-5932
-4806
374
-3692
-8548
-5663
-8706
-4888
519
-4928
-6064
-5059
-7781
830
-9258
-6706
-8167
-8352
-3286
-930
-4106
-392
-2507
-9922
-3112
-9616
-2069
-8084
-4956
-9201
-5979
-7005
-2554
-8393
-7044
-9702
-8823
-4864
-96
-6010
-1687
-4538
-4003
-3925
-2164
-2315
-9812
-2427
-1791
-3457
184
-2929
-3997
478
-9250
-1925
-9026
-6299
-8225
-5070
-6529
-2254
-6286
-1510
-668
-2241
-9538
-1360
-8917
-8903
-4923
-6664
-2292
-140
-7328
-9647
-3780
150
-900
-1922
-6715
-4345
-5809
-2920
692
-1872
-8192
-5227
-9717
-4201
-6956
-1193
-6627
-2959
-4995
-1754
876
-4728
-4669
-8022
839
-4803
-2387
-8500
-6783
-7835
96
-5160
-2082
-694
-5465
-5414
-1012
-242
-751
-669
-993
-791
-5606
-31
-5261
-6975
-9894
-4096
-7413
-5548
-620
-7334
-8041
-3836
-1857
-2855
-4909
-3707
-4550
-1930
-464
-2465
-728
-7666
-7128
-4922
-4467
-1901
-6457
-2561
-388
-8101
-4900
-9165
-5493
-7227
-1035
-7379
-8185
-2573
-7119
-8513
-4652
-2588
-2209
-2780
-8031
-4075
-4424
473
-1451
-114
-8162
-2796
338
-277
-1886
-2769
-7415
-8674
-1981
-5147
-651
-6188
-3981
-5744
-4129
-1604
-3326
-6846
-1358
215
622
-7700
497
-6324
-6569
-4587
-3240
-8707
-7630
-5118
-7514
-8467
464
-5791
41
-9671
-884
-2190
-3987
-7491
-8906
-9852
-6122
-3361
-5948
-4377
-2721
-2054
-7889
-8439
-5410
-2561
-758
743
-4268
357
-6804
-8155
271
-1964
-6539
-9491
-8401
-8302
-5685
-1239
126
756
-7050
675
-8917
757
-3717
-8057
-1824
-2760
-8117
-9145
-8123
-8939
-2819
132
898
-3852
-650
-8365
-8231
-8058
-3159
-5602
-6369
-7595
-42
-2594
-4308
-5381
-269
-8539
-1408
-6286
-6593
-3484
-8870
-456
-2060
-7248
-2921
-141
-3505
-6980
-6883
-7262
-4318
-1284
13
-8856
-2984
-9579
-904
-2099
-2927
-7119
-5851
-4344
-1773
-7514
-1924
-8512
-3635
-6349
-8133
844
-2812
-6790
-3675
-7210
-2075
-5455
-5719
-7722
-1
-9571
487
-9600
-8859
-687
-6105
-404
-1447
734
-4884
-9088
679
-3196
-6550
-3097
-4914
-1800
-1876
-6412
-3929
-2880
-7428
-9784
-2467
-8650
-1460
-6313
-7932
-2830
585
-1291
-4580
-5228
-894
-1919
-1837
-2544
-7303
-7515
-9611
-622
-8282
11
96
-5287
-7140
-3192
119
-7862
-3092
-5722
-6549
-7971
-1916
-7584
-2873
370
308
-3290
-199
-7433
-5517
-339
-955
489
-5694
-3995
-5811
-4015
-9731
-9398
-2402
-7602
-6636
-3374
-7884
-6812
-3672
-8161
-8008
-7244
343
-8790
-6697
-1576
-2961
-1239
-5248
-6655
657
-6639
-6134
-1266
-8044
-5539
-5245
-959
-598
-9068
-5016
-1103
449
-3221
-478
-42
-147
-56
-2880
-8066
-3564
-7849
-3521
701
248
-3710
515
-2983
-5469
-6486
-5264
645
-3788
-6081
490
-5811
-8647
-9013
-7121
-7203
-7789
-6099
690
-1204
-3848
-1476
-3851
-8993
-8753
-9672
-7565
-2518
-3591
-6212
-3810
-1180
-9458
-5241
-3036
-2412
-751
-9125
-9395
-1487
-3666
-8782
-7745
-2810
-1318
-7617
-4402
-4053
-8404
-5639
-7730
-4006
-2220
-4850
337
-5341
-9544
-1772
-1749
-4945
-8468
-1423
732
869
-7547
-5635
-6671
-5356
-4782
-9073
-1053
-2194
-2823
-7900
-1353
-6420
399
-2360
-5954
-5135
-8331
-6888
-5977
-7380
-1140
-1568
-2473
659
-1781
-7357
-4675
-8692
-40
-1784
-9803
-4532
-3358
-9843
-6635
-1628
-8170
-9026
-8211
-3591
-9310
-4664
-8541
-4345
-521
499
-5391
-3883
-897
-4280
-9357
-466
-2203
-6604
-5969
-3666
-3881
-7549
-1050
-9485
154
-1666
-4738
-189
-6258
-3348
875
-919
-8362
-1070
-302
-6409
-97
-4133
-6416
-5166
-3652
-1702
-2885
-7106
17
-2037
-8594
-2685
-2645
-6067
-1129
422
-8434
-7736
-2799
653
-114
-8298
-6940
-7892
-3654
-7788
-4669
-6922
-6093
-5867
396
-9833
480
-781
-3485
-5641
-563
-4269
-2945
-8297
-3577
-6621
-3742
-6437
-5754
-6540
-8394
-8683
-2020
-5300
-1611
-137
-5277
-5256
-1991
-6556
-8011
-9331
-7880
-4606
-3391
-3809
-4705
-6159
-8528
111
-4338
-1792
-8139
-5507
-8719
-3468
-8805
27
-9769
-4047
242
-6072
-1304
-3676
-4584
-1523
-6097
-6245
-4807
-1406
-6479
-8815
-2865
-9211
-4823
-9260
-4291
-4562
-7654
-2257
-7607
-3849
-5415
-8508
-2660
-4896
-7110
-2824
-7661
-2455
-4879
-3960
-9642
-2799
-6945
208
-276
-2740
-5726
-4439
109
-2407
-8034
-3840
-7540
-241
-1460
-8122
-5972
-8814
-7488
-8444
-2608
-1938
-9628
-4472
-9056
-9641
-5081
-8333
-7953
-8098
-7887
-7728
-4222
-4591
-7815
-2807
-8366
-5044
-2776
-4166
-2307
-735
-2992
-875
-6726
-8076
-1057
-8564
-8013
-778
-776
-7442
-2956
642
-4061
-1606
-4898
-358
-5904
-7572
-3544
-6829
-5907
-5284
-2910
-5168
-3808
-4737
-8846
-1563
-5480
-4419
-7160
-5827
-9886
-2191
-1524
-3798
-3502
-1305
268
-3483
-6698
-8519
-8329
-3889
-4983
870
-3150
-6946
-5483
-4328
-4706
-9796
-9894
305
-1481
-7512
-8545
597
-7187
-3720
-401
-7226
-5913
-7424
766
-4254
-9129
-5837
-9338
-9348
708
-5559
-2401
432
-1487
-4487
-9754
-6113
-6785
-5106
-6577
-8640
-2545
-4368
-851
-963
-6220
-2375
-8599
-2938
-8319
-3059
407
-540
-6153
-4840
-4132
-4002
818
733
-7398
-8781
-1761
-6447
-8760
-1257
-8780
-4851
-6485
-5073
-1017
-9582
-6317
-5565
-4564
147
-8953
-8952
-1964
-4526
-593
-5632
-5177
-7837
562
-3007
-7382
-5985
-786
-8509
-9472
-2581
-2765
-4978
-3921
-2669
-9026
-9147
-707
39
-6955
-8439
-6707
-1069
-7131
-3192
-69
-5743
-5554
-4976
-6758
-7984
-128
-1919
-4415
-7487
-8877
-5691
-9795
-4807
-9202
-844
-1409
-3086
0
-8068
-4670
-8847
-5593
-4410
-6296
-8583
-1277
-9712
-2370
-7980
-8142
-1752
885
-3112
756
-3667
-8871
-3077
700
296
-1090
-6294
-9591
-5400
490
-8443
-4183
-576
-4630
-8179
-9482
-7998
-8051
-3491
-7982
-6650
-3954
-2414
-2654
-7266
-7057
-6008
-8268
-5839
-3016
-4795
-1737
-6935
-9389
-7805
63
-9799
-8785
-7582
-5040
-7148
-4718
-9622
-4334
-9095
-865
-4247
-6139
-1525
-8203
-8860
-2847
-7240
-3249
-7329
-5572
-3860
-4701
509
-4768
-150
-5373
-4546
-543
-456
-3830
-7476
563
-1501
-2825
-9353
-8568
-9727
-1193
-4999
-9683
-542
390
-3682
-8763
-9898
-9560
-3781
-4469
-8967
-1362
-7833
-7308
-9429
-4420
-5032
61
-5075
-9864
-5305
-8057
-4193
-1452
-5527
-9674
-5639
-3347
-7217
-2241
-6776
-7509
356
-826
-8778
-1369
-5168
-5912
-154
-2844
-4012
864
-6564
-8666
-7235
103
-5439
-5126
-8801
-7628
-5767
-8249
-3890
-7408
-2896
-9600
-5175
-5654
-3130
-5924
-4117
-5208
-4017
-4405
-3712
-4798
-687
-7224
-3962
-4537
-8502
872
-7058
-8250
-7335
-5999
-1202
-5076
-4870
-7008
-2404
-8895
-5864
-4372
-5194
-5069
-1065
-7610
-9434
-1661
-137
-7603
-4549
-9440
-3399
-3971
-1726
-3622
-6140
-2092
-2540
-9405
-7937
-5043
-7784
-4642
-5319
-1537
-7880
-8786
-6532
-8297
-6338
-4642
-1618
-329
905
-3360
-3431
-4163
-9820
-7732
-1365
-5623
-7173
-9679
54
-2241
-2305
-9421
-7997
295
-7359
800
-1690
-5362
-3316
-1979
-9227
-8166
-5105
-5753
-1729
-8407
-9334
-6525
-54
-6303
-6388
-2150
-8811
184
-7934
-7183
-8947
-4911
-4218
-3344
-8654
-2696
-7052
-8245
-802
-8462
-6175
-6438
-4673
-8788
-8534
-1801
-134
-6904
-4602
-3299
-1779
-5968
-4393
-7430
-3806
-9560
882
-6796
-1644
-5309
-8766
-2668
-6872
-1157
-3427
11
-8203
-5421
476
-5992
-4245
-6838
-6814
-5546
834
-2844
-2259
-7881
-9137
-5290
-4959
-936
-5495
-9380
-9228
-6715
-2033
-6821
-4348
-6234
-8492
-6265
-4831
-3561
-1139
-299
-4903
-7529
-6708
-1343
-1873
-9727
-8826
-8197
-3549
-9312
64
-8396
-2567
-8135
-8723
-4734
-3808
-2619
-604
-5855
-370
-410
-7455
-7131
-4302
-2483
-5589
-3669
-4644
-708
-3470
-9204
102
-835
-4007
-936
471
-751
-9774
-7636
661
-6183
-3025
-803
-6701
-846
-5850
-1531
-4632
-502
-4762
-1215
-2583
-3392
-8869
-4866
-4711
-9342
-1942
-838
750
-8273
-8673
-5803
-5175
-98
-3188
-5997
-9774
-5759
-5417
-8343
-1073
-1293
-4496
281
-181
-5167
-8894
-4075
-1914
-6776
-7700
-3408
-8419
-1201
-3357
-9334
-3953
-4604
-6699
-4155
-291
-4040
302
-3462
-8676
-1927
-6070
198
-8303
-7712
821
-6908
-5514
37
274
-4156
-2295
-6576
-5304
-7787
-4736
-9456
-5806
-2672
-5
-5249
-2102
-2382
-7616
-467
-9762
-5177
-1468
-517
315
-821
-3686
-4965
-2469
-1376
-4514
-4329
-8431
-826
-8524
330
-43
-6492
-426
-5614
-4755
-116
-7052
-7466
-8969
-8779
-8178
-6538
-3705
-901
-3111
-5793
-5641
-7159
-5190
-2489
-2970
-6920
-6227
-3171
-5384
-4413
-2220
-16
-2605
-2396
-406
-4275
-325
-1569
-2325
-8782
-4640
782
-7433
-2473
-2800
-7486
-785
-6576
588
-5626
-3426
-2600
-3279
-8528
-7552
18
-7752
-2476
-5170
-5995
-6950
-1388
-4236
-1431
-1997
-8707
-2749
280
-1587
-1933
326
-1737
-2364
-1229
-4491
-6442
-3053
-122
-9270
-2228
-8104
-3173
-1515
554
-3694
-3344
-275
-6204
-5360
-1985
-6919
303
-5849
-9168
-992
-5511
-7508
-2943
-7115
850
-2528
-6183
31
-2937
-1414
-807
-7356
-7604
-3613
-4424
-1474
-2846
-6965
-3357
-5672
-3420
-5201
-6781
-4719
-9382
903
-1714
-6538
-4841
-1027
-5217
-1260
740
-1608
-8758
-764
-2224
-482
-4775
-5174
-5771
-4881
-5897
-476
-2805
186
-2414
-1697
-3060
-9727
-4405
-1568
-1389
-4664
-6895
-5768
-7034
-8535
-2646
-5532
-8838
400
-7374
-6558
-2925
-7591
-7324
-6173
-5483
-9629
446
-6378
788
-7380
-6671
-837
-9669
-4893
-2702
862
-2868
-5258
-6087
-5443
-5493
-4155
-2259
511
-2735
-3392
-1348
-2101
-8813
-9770
-5210
-1618
-2466
-4335
-6836
-8378
-8305
-4773
-8838
-1926
-3041
115
-293
-3436
-6006
-845
-8954
-335
-3053
-6419
-3902
-1042
429
-1551
-3021
-2356
-3105
-2481
-3097
-4866
-1384
-7629
-2058
-4845
-4662
-9573
-6303
-1732
-3624
-6433
784
-3482
-657
-7913
-4859
-3550
-7896
-7565
-9455
-4216
-3993
-3098
-2654
-232
-1613
-5826
-6547
-6574
-9573
-6529
-49
-9612
-7430
-1054
-1692
-9097
-3007
-9103
-4921
595
-3222
-2912
-8837
-2684
-1339
-4588
-1670
-8941
826
-8781
-7391
-5456
-8971
-7256
-8273
-9747
-5968
-4121
-3109
-1515
-4396
-5407
-8348
-5340
-7740
-5103
-492
-704
-4833
-3265
-8188
-315
-2854
-7537
-6923
-5745
-3966
-2823
-3591
-6374
-7345
-5300
-835
-2539
-8381
-3525
553
-5384
-3536
-2816
-389
-9475
-6819
-6769
232
-1914
-8695
-9162
-9466
-6957
-8838
-2837
-815
-3611
-7554
-5182
-6593
-3996
-3794
-2342
-329
-710
-9290
-6883
-6366
-4384
-6949
-3222
-6621
-5297
-5748
-9867
-6193
-5766
-1370
-7868
-6704
-2752
-2865
-1640
-2187
-5801
-2549
-7555
-9102
-7952
643
-8345
-5669
-8271
-5986
57
-1420
-6023
-2588
-6725
861
-7043
695
-1282
-5166
-9831
-6735
-1275
-3883
-5494
-3204
-7282
335
-271
-6556
-105
-4944
-5531
304
-2574
-563
-1667
-745
-3638
-8871
-5215
-9836
-8877
-9073
-3939
-3837
-6862
-2021
-1375
-1032
-3571
625
-1975
-5824
-9503
-5970
779
-329
-1763
-7005
-8155
-2419
-5261
-649
-2041
-5697
-2038
-7776
355
-4252
-5120
-6320
-5858
-7881
-1625
-9366
-6984
-1450
-1359
-2677
-8843
467
-8747
-5127
-4370
-6950
-224
-5750
-2696
-4933
-5181
-6125
-3081
-3663
-9458
-4858
-6116
-7921
-5605
-7141
-1426
-1533
-3285
498
-166
-3523
-6243
-9679
-8138
-333
-8240
-8483
569
-4433
-2797
-6411
-7801
-2583
-3644
-3620
-5652
-9360
-4912
-5175
-4149
-6107
-8468
-3199
-4747
-5427
235
-9859
-9841
-9903
-7010
-8190
-9734
-4256
-7451
-6784
-9138
646
284
-4947
397
-8090
-8440
-9374
-3399
-2525
-3993
-1743
-3186
-7050
-861
-9121
-4183
-7687
-1439
-332
-6621
-5435
-1952
905
-1382
-7650
-8238
-7908
-8072
-2613
-8472
-9525
-2410
-5519
778
-6876
-5074
-9562
-477
-1746
-2413
-1369
-8916
-9394
-438
-6785
-8948
-4037
-3879
-325
-9188
-3778
-2281
-1503
261
-858
-1047
-4025
-6179
-4047
-4314
-5057
-4606
-7422
-6114
-3422
-8479
-2876
-3667
-3653
648
-9291
-3307
-6954
-6324
-1633
-5646
-7585
-7252
-1571
-3472
-6712
-6920
-9514
-2630
-8135
-2939
-3932
-5327
-8376
-5369
-3283
-2694
-7639
-4771
-8908
713
-9183
-6063
-5919
-8445
-3706
-5053
-5468
-5939
-4791
234
-4143
-9031
-8739
574
-5891
-868
-6484
-6022
-5680
-1373
-8505
-1183
-4655
-9277
-2453
-5465
-1740
-280
-8917
714
-1507
-2980
-5942
491
-9579
-983
-6973
-2028
-9254
326
-5660
-4605
-9765
-4683
-734
-9738
92
-191
-7180
-7285
-5093
-8892
-8985
-1053
-8951
-8929
-2114
-7273
-4626
-5565
-4860
-4670
-730
-3508
-3068
867
-8646
-9092
-7669
-9432
-4244
-9853
-9739
-2257
-398
-59
-4973
-4811
-1713
-8198
704
-9129
-5324
-6259
-9397
-3250
-3516
666
208
-6823
-3241
-4538
-4509
-6742
-9506
-9860
-9547
-5516
-498
-6434
-1391
-3034
-3423
-3678
-3666
-6319
-9659
-6824
-6049
-9250
-5356
-2957
-5054
-8926
-7894
-3749
-9165
-6295
-7436
-692
-3080
-814
-912
-3036
-4563
610
-5564
-2583
-9222
-5808
-2375
-5258
-1140
-7442
-6624
-9799
-2373
-6776
-3762
-8522
-8611
-5732
-7831
-5380
-3148
-3313
-8344
-7660
-2449
-3793
-2863
-1972
-15
-9593
-4415
-4503
-5281
-7594
-3999
-6097
-5714
-6706
-4493
-1830
-7809
-9527
-6942
-1062
-7913
754
-6644
-2561
-2685
-7812
-8343
-5606
-7158
-577
-2212
909
-6562
-6880
-3214
-9567
-788
-3856
-8425
-509
-5269
-7920
-2265
-1437
-32
589
-4373
-4155
-4358
-5226
-8720
-3190
-904
-7163
-8303
-3884
-5365
-4684
-2721
-3134
-8216
-2086
-8436
-8079
-7012
-3980
-3949
-75
-96
-5464
-1588
-3412
-4179
-4551
-753
-5796
-7271
-9449
323
-6274
-6772
274
-2866
-2164
-8450
91
-131
-9261
-499
-4879
-7013
-3205
-5856
-8227
-2116
-7974
-7203
-2323
-1998
-1410
-8674
-7764
-9909
-4779
-1765
-9896
-3947
-6444
-1472
-7769
-7691
-6373
-1001
-4334
-4726
-764
24
-5018
-2803
-4327
-1567
-5753
-6648
-9822
-7573
-2098
-7450
-6977
-2282
-6133
-8415
-6038
-8589
-5742
-5242
-4901
-7085
-9855
-7961
354
-6559
-2752
-9588
-6298
-5818
-1813
709
-7001
-1978
-8168
-9218
-9149
-4225
-2157
-6066
-4340
-3317
-52
-2901
-9783
-5373
-8269
-4839
918
-7797
-2362
-5812
-7956
-7705
-193
-2608
-1649
-4678
-4011
-9888
-2187
-3336
-877
-7745
-6068
798
-2492
-9886
-2631
-5469
-7325
-7621
-2626
-2807
-3693
-7878
-2148
-1991
-4280
793
-323
-6761
-5452
-6490
-2907
-8817
-1506
-9673
-6709
-6362
-4992
-3647
698
-2464
-1543
-3875
-4126
-2423
-6400
-9759
-4901
-1103
-6280
-6910
-3514
-7462
-5918
-6526
-6737
702
823
-2103
312
-7213
-2572
-5220
-2906
-329
-3932
-9353
-3740
-2808
-5380
-9890
-3070
-9213
-944
868
-7196
17
-1832
-1792
-6987
-7440
-7162
-8535
-1925
-39
-4395
-6917
-2334
-9260
-5660
-2547
-2838
-7207
-4565
-4424
-2034
-4327
-6051
-7329
-720
-8021
459
-7918
-2980
-4947
-3997
-5292
-4827
-2076
-7173
-4638
-5361
-4179
-7794
-8836
-2462
-6861
-694
-5845
-5180
830
370
-3552
-236
-8752
-8128
-4122
-2665
-6092
-1761
-4655
-9072
-1027
-5781
-205
-4415
-940
-3095
-4617
-4153
-2590
-6801
-9727
-5808
-1392
-1704
-2767
-5287
-3647
-3267
-8451
-2112
-8183
-457
52
-5085
-3259
-7314
-8454
-7074
-5146
-5944
-5461
-7819
-4313
-2179
-6271
-5808
-4333
866
-6843
-1941
-2960
-785
-6439
-2351
-9012
144
-7743
-2692
-1239
-9788
-7316
-1025
-6342
-8300
-8773
-3416
-7397
-3252
-9248
-3419
-3657
-8198
-4293
-444
167
-7981
-5368
-3519
-4383
-8946
-259
-7203
-9283
-277
-2140
-5151
-8148
-1717
-4183
-8911
-2079
-3374
-2844
-3242
453
286
80
487
-8999
-90
-1288
-8460
-169
-6280
-1925
-1777
-1094
-2337
-5214
-5798
-2019
-5145
-312
-424
-3011
-1461
-6290
-6374
-8090
-5325
-2755
-7759
-83
-3032
-3803
-8794
335
-7849
-7898
-3474
-3977
-83
541
-1455
436
-8833
-7759
-3338
-8346
-118
-2786
-1528
-5626
-6234
371
-5114
-8640
-9010
-3788
-5692
-6489
-4896
199
347
811
-2643
-1124
-965
-6355
262
-5959
-3264
-9161
-4335
-3120
-2660
-6885
-6156
-315
-8391
-2923
-5588
-5374
584
-3421
-4057
-7382
-2613
-3890
-8697
-7552
-1503
469
-861
-1288
-3938
-1021
-8945
-9726
-8517
498
-1621
709
-9082
266
-8577
316
-6695
-3346
-9044
-5300
-8632
-1972
-9661
60
-3416
-9283
-2433
-9393
-468
104
-3670
-956
-786
-5106
-3770
-3665
-7231
-4069
-3874
-1280
-625
-6665
-4767
-815
-4155
-4996
-6438
-3274
-5912
-2374
-6715
-7897
-6906
-8973
-1594
-2991
-6066
-4063
503
625
-5899
-2779
-1524
-3607
-1200
-909
-4233
-4111
-3363
-3006
-6954
-998
-3247
-3236
-322
-1766
311
-4414
-2519
-9358
-141
-8205
-3601
-4606
-8351
-8398
-9838
-4124
-8309
-1065
-2772
-2265
-2784
-5623
721
-6651
-2711
-2593
-4027
-1134
252
-4672
-2276
-3361
-3080
-9615
-7833
-3347
-722
-7327
-4201
163
-3921
-5141
-6658
-8665
-1076
-7298
-1096
-5642
-2217
-1433
-2791
-3825
-6071
-6751
-7402
-2667
-2717
-7697
-2657
-1903
-3589
-2579
-5981
-8176
-5341
-3852
-957
-8860
64
-2580
-4705
-7354
-8942
-1689
-7160
-5694
-402
-6204
-1284
-5954
-679
-3977
-8812
-8821
-2645
-1741
-1432
-2821
-1644
-4334
-150
-9080
-7174
-6929
-9793
-5236
-4095
-7311
-977
200
-212
-1531
-2730
-5420
-3884
-3116
-601
-3364
-1602
-2663
-1767
-4456
-8336
-9047
-2207
-6794
-3208
-1162
855
-2230
-3351
-45
-9008
-359
-5735
-4436
-7988
-6993
-5531
-2345
-6256
-3872
-8024
-4542
-5110
-6906
-6187
-564
14
-6033
-459
-8507
-1081
-7719
-8856
-3296
-8440
-9409
-5969
-8461
-4861
-961
-2573
-9017
-921
-5950
-1782
-9851
-5245
-4339
719
-1579
-1797
-642
-4173
-2340
-2608
-1495
-1984
562
-48
818
302
-2353
102
-7675
-3995
-2370
-5413
-6549
676
131
-1885
261
-7532
-614
-8937
-9359
-1150
-4484
-6050
-6682
-9844
-4303
327
-21
-4339
-6752
-3096
-6508
-2401
-2820
-8370
-2257
-3113
-6196
-768
-5881
-6020
-4706
248
-927
-8179
-1002
-3173
-7841
-337
-4284
-838
-5089
-4345
-2746
-7582
-9128
-505
-2262
-26
-1559
-9174
-8383
-4663
-6631
868
-5407
-3603
-302
-6980
-6943
-8003
-501
-9680
-1658
-1889
-7123
-181
-6575
-6919
-2873
-3151
-780
-8206
-5398
-6466
-6788
-245
-3146
-3855
-6670
-5516
-2386
-5021
-5311
-3506
173
-7218
33
-9718
-9344
-9810
-2054
-3868
614
806
-4571
-2448
-3150
-8870
-9491
-5827
-9157
-5477
-2906
-1757
-9032
-6284
-8581
-1225
-1227
113
-464
-2408
-2645
-4350
-5733
-4212
-2984
-9319
-7517
-5560
-5439
-3055
-1828
-8832
-5508
-7606
-6784
-1575
-9476
-3205
-7475
-8330
-5616
-8537
-485
-9645
-2699
-9076
-6979
348
-1798
-5928
-1835
-2583
-8078
202
-6849
723
-5168
-798
-5290
-1496
-2942
-5644
-5059
-4823
-2366
-244
-9458
-8028
-3149
-8459
-6155
-5317
-5718
-1970
-4189
-6097
-3897
-8534
-5771
-687
-600
-2788
-1995
-6313
-7114
-4803
-7066
-3899
-2910
787
-197
-9633
-6254
-7872
-8538
-3720
-9455
-5662
-415
-4342
-4813
-855
-4253
-6990
-3855
-4000
-3816
-5435
-8146
-8256
-8748
-8614
-4194
-5582
-3261
-6271
-5632
783
-394
-1882
-8346
-9679
-9004
-4353
-3213
-6861
-5364
-1810
-9668
-9889
-3262
-5294
-243
-1865
-386
-5583
743
-3905
-529
-3038
-7696
-3247
-469
-8826
-3406
-7039
-8966
-6168
-5809
586
-3531
-3414
-3187
423
476
-6299
-8961
202
-4252
-5910
-5270
-5959
-3380
-4769
238
-488
-1815
-780
-7807
634
-169
-5378
-4512
549
-8551
-6467
-2775
481
-5625
-704
-2621
-4508
-5651
-163
-6127
-5240
-2177
220
-2226
-5212
-2288
-9668
7
-3133
-5843
-7371
-3694
-6343
-2101
-5586
-8769
-1663
-4635
-5953
-7379
-6515
-4280
-2574
-9503
-5421
-5896
-1498
-8380
-2587
-8287
-2436
-1850
-8867
-6531
-638
-3856
-1524
-8707
421
-3801
-1457
-7882
-9549
-2289
-7206
-1682
-3429
-8372
-9886
-7307
-9286
-5152
-951
-8764
-4384
-596
-459
-9545
-7790
-4696
-2234
-6375
-9876
-5738
-9773
134
-3494
-4674
754
-1483
-6114
16
-984
-9289
-1974
653
-2615
-405
-4330
-9016
-9451
837
295
-6620
-631
-6048
-6110
-5419
-3236
313
-9307
-5574
-8470
-3914
-9759
-7411
-9623
-1134
-184
-5054
-235
-695
-7624
417
-1495
-3637
305
-7869
-5560
-2323
164
-5017
-1541
-9102
306
-902
-5757
-1258
-7339
-9035
-9801
-7591
-5499
-6291
-77
-1534
-9030
-4625
-7668
515
-2146
-1870
-8002
-5863
-9033
-4884
-5847
-2321
285
-5073
-5092
-3123
-8750
-6135
-8407
-6134
-6286
675
174
-7832
-5061
-4822
-93
-8724
-4035
-9580
-3223
-3821
-3119
-9544
-362
-5730
-2138
-3257
-3569
-7116
-7856
-2550
-7287
-4932
-2727
-8398
-5014
-5108
-8773
-7786
-8108
-2262
-2655
-882
-4343
-3106
-9671
-1121
-5361
-465
-9384
-3038
-9604
-9618
-4109
-3425
-8687
-5302
-4083
-5743
331
206
-4654
-2532
-7263
-1031
-4934
-7201
-3136
-4520
-8631
-5292
-1011
-3035
-2707
-5087
-5505
-8607
-7760
820
-499
-2585
-1027
-2189
-1009
-5922
-1675
865
-6638
-8830
210
-7282
588
-6095
-4908
-6772
-4155
-1824
-2733
-2117
-1409
-9204
-9611
-5823
457
-3278
-5154
-7257
-8468
-3511
-5818
-6068
-9235
-8476
136
-3534
-2977
-3818
-682
734
737
-5313
-8711
-5778
-8295
-732
-9082
-5807
-7176
-9144
-2815
-6645
-3195
-9440
-2999
-9218
-1560
-9114
-8605
-1621
131
-9714
-1791
-6845
572
-7682
-9864
-7635
-4635
-4357
-6297
-3059
-1441
-7229
-6722
-6704
-3494
-8673
-8011
-6163
-7050
-8330
-7657
-2770
-1012
-9356
169
-9778
-551
-6386
-5583
-6398
-9703
-9382
-8097
-9693
-5477
235
-7947
-8324
-3923
-6236
-3315
-4985
-8055
-2337
-3497
637
-7615
-7866
-4675
-8405
-93
-1737
-513
-457
-4360
-3210
-2806
-6598
-2512
-7536
-7547
-247
-5246
-5374
-8654
-6116
-1224
384
-7574
-8089
-3318
-326
-4671
238
-6360
-1642
547
-8110
-583
-1713
-1367
744
34
-7379
-6216
-2246
695
-9816
-6313
-2495
-2252
792
-4528
247
-5778
-4834
-3132
-3177
-1837
-7098
-7478
-1043
-1979
-1896
-4056
-679
-8009
-6799
251
-2588
-9276
-8447
-9481
-5597
883
-3399
595
-4237
-7011
-9368
-3441
-3597
-9697
-9139
-248
-4016
-6573
-9547
-5728
-6656
-9800
-653
-1040
-126
-3421
-5519
377
-3261
-198
423
-1388
-4846
-8490
-7584
569
-5359
-236
-6705
-3250
-6546
-5226
728
289
-1701
-8723
-2416
-8053
-3063
-3702
-6829
-9080
-715
-8825
-967
-3834
-5097
-9796
-8762
658
-4379
-2820
-9663
-1791
-8265
-7897
-3119
-9474
-9479
-4032
-206
-9118
-8766
-5631
-4970
-7951
-2419
-9187
-2286
-4397
919
-3762
-1343
-9492
-1853
-6850
-9213
-3813
-3744
-5374
378
-9883
-9223
-7728
-2753
-5387
-419
-7857
-9757
-1672
-5218
395
-1163
-3249
-2749
-5772
-7448
-509
68
-1223
-827
-1005
-4961
-8996
-1772
-6928
-1594
-5608
-6756
-7375
-5035
-6639
-3243
-1287
-2033
-5627
-76
-4206
-891
-6936
-9381
-9514
457
-9680
-7744
801
-3995
-3900
806
-2357
-2580
-6452
-1325
-1454
-5802
-1140
-7676
-5378
-3344
-1248
-7768
-4356
-3045
-438
-4676
-8888
-9132
-5499
-9678
-958
-8884
-49
-52
-4141
-5713
-2037
-735
-7878
-3177
-6041
-8490
-9482
-7802
-5606
-9020
-9378
-983
114
-6364
-3052
-3639
-7104
-3653
-2793
-7149
106
-146
-1576
-354
-310
-2415
-755
-6258
-2407
-9281
-6044
-7771
-7986
-5474
-3287
-2970
-3807
-3067
-7700
-6486
-9002
-8266
-6696
-2386
-5125
-2460
-2729
-8392
-2685
-8580
-3377
-7850
-1072
-5067
-8395
-6692
-7269
-6443
-250
-4639
-8358
-5969
-6087
-3497
-3275
735
-2562
-2175
-8922
-8991
356
-1186
-6300
-1856
649
-9411
-496
-129
-8779
-6546
-7229
-2254
-149
-5497
-8360
-3149
-8064
-333
-7601
-6194
540
-8779
-793
-2866
-3957
-4647
-4894
-9556
-9269
-8695
917
-1274
-505
-23
-967
-5695
-581
-5339
-2050
-1923
-262
-8703
-2025
-3770
-8459
-8038
-1636
-9787
-7286
-6954
-5507
-130
-1726
-5014
-9315
-626
-4488
-5835
-7600
-7909
-3154
-3653
-8328
-3979
-2280
-4339
-8840
-868
-537
-5250
-1052
-689
-4633
590
-6362
148
-3809
-7473
-9052
-2069
-6869
-3684
-9484
-9443
346
-2618
-4068
-4585
-9326
-7210
-1655
-9410
-3643
-2905
-2664
-6287
-8665
-8519
-4194
-7301
-7733
-1651
-8653
-8413
-1264
-6970
-9878
-7148
613
-5989
800
-4833
-716
-5079
-2724
-7826
-9421
-4165
503
-5712
-9809
-3406
-3898
-6346
-4167
-9456
223
-5673
-155
-1224
-4114
-6462
-4596
-8398
-6666
-1538
-649
-4964
841
-8283
-5033
-5145
-6733
-1277
-7614
-9297
-816
-1559
-6045
-956
-8408
-3647
-224
-5774
-4589
-8980
-5713
-6610
-2839
-5301
-8004
-665
-4382
-2264
-9052
-5692
-458
-87
530
-1628
-9126
-9435
-6044
-7216
-9302
-5611
-5182
-840
-1084
-6024
-2200
-4021
-4665
-5643
-8381
-7870
-6426
-3624
-1183
-5397
-2883
-6126
-4487
-4399
-8339
-4434
-2428
-8046
-4637
-8273
-9512
-2114
-1506
244
-6361
-411
778
280
-9647
-2308
-7424
-3908
-2371
-8312
-5637
-1250
-8988
-6390
-5224
-6348
746
-1214
-1952
-9616
-930
613
-8304
587
-9797
-4808
682
-3330
-9079
-2024
-6172
-4107
-7538
-5540
-4937
783
316
-9705
-4973
-4627
-9504
-9774
438
-4906
523
-2170
-7593
471
-1252
203
-7707
-4415
638
-7621
-4002
-6437
-6711
-7611
-5421
-998
-7225
-5928
-8021
-2739
-3879
-5979
-5971
-7034
-1128
-1599
-1597
-7128
-738
-4552
808
-3939
-4489
-8590
-79
-2464
-1872
-475
-1066
-9767
-4071
-9001
901
-4786
-1740
554
-5207
-406
-820
-7271
-2280
-859
-4842
-3729
-6054
-5798
-8988
495
-1635
-6754
-3407
-4108
-3705
-9091
-5827
-2136
-8762
-3979
-377
-4815
-2720
331
-3568
-1882
-8602
-2428
-3057
25
-4929
-6293
-2047
-4933
-5351
-8649
-4983
-1649
-854
-5529
-9262
-5938
-1255
-8877
-7457
-7807
-5640
-1796
-7428
-9026
-2549
-4354
-4981
-3073
-8623
-3917
-7800
-1616
375
46
-8996
-2834
-8755
-8470
-4199
-7185
-9482
-8819
-5273
-6072
-2968
-8806
-4567
-9701
-3752
-7862
-1697
-8197
-4146
-5446
-8743
-7554
-2642
-2244
-3160
-6198
-9524
-1216
721
-2470
-1990
-1671
-8683
-5796
-1816
-2496
270
-6720
112
-3406
11
-7294
-5815
-664
-2811
-9746
-7328
-8403
-9827
-881
-2413
-3752
-7224
-8160
-3310
-8826
-925
-6284
-3206
-7235
-2250
-3494
-3968
-6950
-4259
-9335
-7693
-3168
-7117
-2288
-7226
-6818
-6920
879
-8744
-5443
-6347
-2203
-639
-4311
-3796
-5386
-2165
-6326
-1901
-1575
-360
-8699
-8274
-3309
-7670
-3704
-6348
-8638
-9891
-1729
-4235
-4650
-7384
-6041
-4390
-1987
-5784
442
826
-2214
-6408
-1026
-6342
-2573
-4981
-1845
-3951
-6942
450
-7464
-5455
-4315
-748
-168
-4929
-3307
-32
-9779
-2326
-498
-2015
-5326
-108
-1845
-3511
-2077
-1410
-3999